    unsorted:	 3678.000000
      sorted:	 3678.000000
